Time,Normalized Dimensionless Airflow
0.032,0.880759757405071
0.04475,0.9097061942425363
0.0575,0.9369643822829634
0.07025,0.9608518970518095
0.083,0.9799482545870503
0.09575,0.9931921028581396
0.1085,0.9999424925221255
0.12125,1.0
0.134,0.9935880853603027
0.14675,0.9812992926080675
0.1595,0.9640142734764308
0.17225,0.9428038232336642
0.185,0.9188249871771107
0.19775,0.8932218034000342
0.2105,0.8670395416814367
0.22325,0.8411587296692826
0.236,0.8162523187426171
0.24875,0.7927665288762342
0.2615,0.7709235856383198
0.27425,0.7507428963149169
0.287,0.7320762200964538
0.29975,0.7146519832398414
0.3125,0.6981239413161887
0.32525,0.6821197580600158
0.338,0.6662856409520023
0.35074999999999995,0.6503238827175412
0.3635,0.6340209878676155
0.37625,0.6172650112411605
0.389,0.6000517677808784
0.40175,0.5824806050012187
0.41450000000000004,0.5647413444880065
0.4272500000000001,0.547094683242481
0.44,0.5298487205243521
0.45275,0.5133343087973377
0.4655,0.49788163480245484
0.47825,0.48379988148610087
0.491,0.4713611087684314
0.50375,0.4607887553087285
0.5165,0.45225053718928154
0.52925,0.44585509516413946
0.542,0.44165154903657217
0.55475,0.43963112723011044
0.5675,0.439730188620771
0.58025,0.44183416943977893
0.593,0.4457822058675007
0.60575,0.4513723564270981
0.6185,0.45836745391045053
0.63125,0.46650165339828514
0.644,0.47548772590565386
0.65675,0.4850250943790318
0.6695,0.49480853072639724
0.68225,0.5045373327232185
0.695,0.5139246842495586
0.70775,0.5227067882343225
0.7205,0.5306512743679387
0.73325,0.5375643478426648
0.746,0.543296175983842
0.75875,0.5477441084845524
0.7715,0.550853486365484
0.78425,0.5526160022210443
0.797,0.553065811387163
0.8097500000000001,0.5522738309728468
0.8224999999999999,0.5503408607606207
0.8352500000000002,0.547390274551368
0.848,0.5435610317046696
0.86075,0.5390016367807563
0.8735,0.5338654463386389
0.8862500000000002,0.5283074265192558
0.899,0.5224821610804529
0.9117499999999998,0.5165426607856073
0.9245,0.5106393852193006
0.9372499999999999,0.5049188849745601
0.9500000000000001,0.499521598465845
0.9627499999999999,0.4945785554227055
0.9755000000000001,0.49020699520362876
0.98825,0.4865051504982718
1.0009999999999997,0.4835466353308367
1.01375,0.4813749862317106
1.0265000000000002,0.4799989313638525
1.03925,0.4793889175696854
1.0519999999999998,0.479475336410463
1.06475,0.4801487850567727
1.0775,0.48126259196753735
1.09025,0.4826377284603492
1.103,0.4840701007411256
1.11575,0.48534005707524647
1.1285,0.48622374586861467
1.14125,0.4865057324539382
1.154,0.4859920517908247
1.1667500000000002,0.4845226819776923
1.1795,0.48198231963404714
1.1922499999999998,0.47830837124914366
1.205,0.47349527332592894
1.2177500000000003,0.46759460985599216
1.2305,0.4607109557713534
1.24325,0.4529938557001855
1.256,0.4446267600691266
1.26875,0.4358140188365138
1.2815,0.4267671473143108
1.29425,0.417691535804728
1.3070000000000002,0.40877460851256747
1.3197499999999998,0.4001761935081136
1.3324999999999998,0.3920215921561804
1.34525,0.3843975745818536
1.3580000000000003,0.3773513051635573
1.3707499999999997,0.37089202862652726
1.3835,0.36499521639993143
1.39625,0.35960876855064355
1.4090000000000003,0.3546607729095903
1.4217499999999998,0.3500682317108077
1.4345,0.3457460812789211
1.4472500000000001,0.341615769911936
1.4600000000000002,0.3376126513032482
1.4727499999999998,0.3336915242989837
1.4854999999999998,0.32982981945560913
1.4982500000000003,0.32602818814823953
1.5109999999999995,0.3223085526726121
1.52375,0.31870997001548806
1.5365,0.31528289146730115
1.5492500000000005,0.31208252535815884
1.5619999999999998,0.3091620188488235
1.57475,0.3065660848151074
1.5875000000000001,0.3043255529383482
1.6002499999999993,0.3024531713171912
1.6129999999999998,0.3009408686188357
1.62575,0.2997586240485447
1.6385000000000003,0.2988550684389041
1.6512500000000008,0.29815991539300424
1.6640000000000004,0.29758825141918094
1.6767499999999995,0.2970465684263461
1.6895,0.2964402024011713
1.7022499999999996,0.29568158593951427
1.715,0.29469849314419067
1.7277500000000001,0.2934413246148366
1.7405000000000006,0.291888505885077
1.7532500000000002,0.2900492783902476
1.7659999999999998,0.2879635218880025
1.7787499999999998,0.285698687257181
1.7914999999999994,0.2833443401929391
1.80425,0.2810051293074269
1.817,0.2787931396166374
1.8297500000000004,0.27682055966681035
1.8425000000000002,0.27519340189500713
1.8552500000000005,0.27400672579083196
1.8679999999999997,0.2733414962440732
1.8807499999999993,0.27326294393476785
1.8934999999999997,0.27382014161852275
1.90625,0.2750464891496411
1.9190000000000003,0.2769608808126389
1.9317500000000007,0.2795694467782606
1.9445000000000003,0.28286784788704933
1.9572499999999995,0.2868441123227057
1.9699999999999995,0.29148191941407686
1.9827499999999996,0.2967640776751511
1.9955,0.30267575724252443
2.00825,0.30920688857164924
2.0210000000000004,0.3163531044964768
2.0337500000000004,0.32411473694676757
2.046500000000001,0.3324936872012731
2.0592499999999996,0.34148840940932146
2.0719999999999996,0.35108767519752315
2.08475,0.3612641100529589
2.0975,0.37196862662009594
2.11025,0.38312678969488717
2.1230000000000007,0.39463784511730327
2.1357500000000007,0.40637668692381057
2.1484999999999994,0.41819851868056
2.1612499999999994,0.429945503966538
2.174,0.4414544087512309
2.18675,0.4525641793756913
2.1995,0.4631225673066012
2.2122500000000005,0.4729912374362898
2.2250000000000005,0.4820491834968287
2.2377499999999992,0.49019462886921633
2.2504999999999997,0.49734584343451854
2.2632499999999998,0.50344141881057
2.276,0.5084405120675657
2.28875,0.5123234217775343
2.3015,0.5150926548655574
2.3142500000000004,0.5167744410724784
2.326999999999999,0.5174205028357441
2.33975,0.5171098112090914
2.3524999999999996,0.5159500424778277
2.3652500000000005,0.514078467990689
2.378,0.5116620324831397
2.3907499999999997,0.5088963841189769
2.4035000000000006,0.5060036078741277
2.416249999999999,0.5032283944325233
2.4290000000000003,0.5008323752766232
2.4417499999999994,0.4990864045968284
2.454500000000001,0.4982607001264144
2.46725,0.498612980977482
2.479999999999999,0.5003750459194661
2.4927500000000005,0.5037385758960913
2.5054999999999996,0.5088412559540922
2.518250000000001,0.5157545265884925
2.5309999999999997,0.5244743372523071
2.5437500000000006,0.534916153349493
2.5565,0.546915160208461
2.569249999999999,0.5602321425374989
2.5820000000000003,0.5745649527001508
2.5947499999999994,0.5895648913011653
2.607500000000001,0.6048567893632931
2.6202499999999995,0.6200611736475881
2.6330000000000005,0.6348166659094093
2.64575,0.6488007377058547
2.6585000000000014,0.6617471125631584
2.67125,0.6734584498512503
2.6839999999999993,0.6838134125770698
2.696750000000001,0.6927677555829145
2.709499999999999,0.7003496108986073
2.7222500000000007,0.7066496408829513
2.735,0.7118071381939851
2.7477499999999986,0.7159934481593606
2.7605,0.7193942563770301
2.773249999999999,0.7221923118362441
2.786000000000001,0.7245520416817407
2.798749999999999,0.7266072683148999
2.8115000000000006,0.728452887096526
2.8242499999999997,0.7301409404763354
2.8370000000000015,0.7316810782149467
2.84975,0.7330449738295373
2.862499999999999,0.7341739220837769
2.8752500000000007,0.7349886084167017
2.887999999999999,0.7353999381560808
2.9007500000000004,0.7353198388240254
2.9134999999999995,0.7346710802100358
2.9262500000000014,0.7333953590000736
2.939,0.7314591304891938
2.9517499999999988,0.7288569090672458
2.9645000000000006,0.725611982249869
2.9772499999999993,0.7217746797599717
2.9900000000000015,0.7174185048231921
3.0027499999999994,0.7126345675628603
3.015500000000001,0.7075248598558547
3.02825,0.7021949767731078
3.0409999999999986,0.6967469185701067
3.0537500000000004,0.6912725919854801
3.0664999999999996,0.6858485619425726
3.0792500000000014,0.6805324807195505
3.091999999999999,0.6753614472082496
3.104750000000001,0.6703523414669338
3.1175000000000006,0.6655039655436248
3.130250000000002,0.6608006299963434
3.1430000000000002,0.6562166838892948
3.155749999999999,0.6517214144949297
3.1685000000000003,0.6472837507732512
3.1812499999999995,0.6428762879655245
3.194000000000001,0.6384782926730832
3.20675,0.6340775230637351
3.2194999999999983,0.6296708781410382
3.232249999999999,0.625264044899944
3.2449999999999997,0.6208704190692103
3.257750000000001,0.6165096198655693
3.270499999999999,0.6122059008507906
3.2832500000000002,0.6079866898258849
3.296000000000001,0.6038813917349775
3.3087500000000016,0.5999204832888231
3.3215,0.59613483652595
3.3342499999999986,0.5925551437155179
3.3469999999999995,0.5892112834745052
3.35975,0.5861314688678837
3.372500000000001,0.5833410522065307
3.3852499999999996,0.5808609265937009
3.398,0.578705555299731
3.4107500000000015,0.5768807639905152
3.4235,0.5753815282226461
3.4362500000000007,0.5741900582309146
3.4489999999999985,0.5732745084697582
3.461749999999999,0.5725886128989633
3.474500000000001,0.5720724696376329
3.4872500000000017,0.571654578805571
3.5,0.5712550901719123
3.5127499999999983,0.5707900630930335
3.525499999999999,0.5701764034718171
3.538250000000001,0.5693370434231632
3.5510000000000015,0.5682058853635497
3.5637499999999993,0.5667320490502229
3.5765,0.5648830311398543
3.589249999999998,0.5626464969847421
3.602,0.5600305564243973
3.6147500000000004,0.5570625147261644
3.6274999999999986,0.5537862256258322
3.640249999999999,0.5502582967249007
3.6530000000000014,0.5465434996533032
3.665750000000002,0.5427098089760333
3.6785,0.53882352516938
3.6912499999999975,0.5349449206565072
3.7039999999999975,0.5311247819173033
3.716750000000001,0.5274021111866024
3.729500000000001,0.5238031126232884
3.742249999999999,0.5203414398090945
3.754999999999999,0.5170195440996987
3.7677500000000026,0.5138308529596305
3.7805000000000026,0.5107624350493956
3.79325,0.5077977809687493
3.8059999999999983,0.504919347423525
3.8187499999999983,0.5021105754416713
3.8315000000000015,0.4993571912834184
3.8442500000000015,0.49664771693961596
3.8569999999999998,0.4939732371492871
3.869749999999997,0.49132657431592414
3.882499999999997,0.48870109874409196
3.895250000000001,0.48608944139758664
3.908000000000001,0.4834823761424587
3.9207499999999986,0.48086809897468274
3.9334999999999987,0.4782320595720369
3.9462500000000023,0.4755574076040982
3.9590000000000023,0.4728260175668943
3.97175,0.4700199663285809
3.984499999999998,0.4671232693374513
3.997249999999998,0.4641236430936288
4.010000000000002,0.4610140574284503
4.022750000000001,0.4577938708750181
4.0355,0.4544693996930163
4.048249999999999,0.4510538446435975
4.0610000000000035,0.4475665761340839
4.073750000000003,0.4440318465691429
4.0865,0.4404770519255185
4.099249999999999,0.43693070054538896
4.111999999999998,0.4334202661795099
4.124750000000002,0.42997010504370453
4.137500000000002,0.4265996041734591
4.15025,0.4233217036188505
4.162999999999998,0.4201419027647896
4.175749999999997,0.41705782561761656
4.188500000000002,0.4140593831785733
4.201250000000001,0.4111295327242
4.2139999999999995,0.4082455930671039
4.226749999999998,0.4053810316351821
4.239499999999996,0.40250759487493626
4.252250000000003,0.3995976112640226
4.265,0.39662626170765986
4.277749999999998,0.3935735934148275
4.290499999999999,0.3904260594130277
4.303250000000001,0.3871774025233743
4.316000000000002,0.38382876898453716
4.328750000000001,0.3803880242446972
4.341499999999997,0.37686833685009125
4.354250000000004,0.37328617830119776
4.367000000000001,0.3696589419570917
4.3797500000000005,0.3660024050954405
4.3925,0.3623282488955996
4.405249999999998,0.3586418251220146
4.418000000000003,0.3549403328088722
4.430750000000001,0.35121155508833396
4.4435,0.34743330535248484
4.45625,0.3435737307252051
4.468999999999998,0.3395926004548694
4.481750000000002,0.33544365095180123
4.4945,0.3310779616402081
4.50725,0.326448204289196
4.519999999999999,0.3215134633494233
4.5327499999999965,0.31624419392397307
4.545500000000001,0.31062679613287797
4.558249999999999,0.3046672629182764
4.570999999999999,0.2983934144502177
4.583749999999999,0.29185536259987943
4.596500000000002,0.28512403462369557
4.609250000000002,0.2782877969987908
4.622000000000002,0.2714474259751075
4.634749999999998,0.2647098424698492
4.647499999999998,0.25818114587679497
4.66025,0.25195953627190704
4.673000000000001,0.2461287111196104
4.685750000000002,0.2407522728128415
4.698499999999998,0.23586960095043683
4.711250000000003,0.23149353788956017
4.724,0.22761011149598054
4.73675,0.22418037526292497
4.749500000000002,0.22114428398475017
4.762249999999997,0.2184263480504667
4.775000000000003,0.21594263220300278
4.787749999999998,0.21360850288163044
4.8005,0.21134640536150723
4.813250000000001,0.20909289395146438
4.825999999999996,0.20680416888787548
4.838750000000002,0.2044595048401467
4.851499999999998,0.2020621815992522
4.864249999999999,0.1996378188901671
4.877000000000001,0.19723032967023818
4.88975,0.19489599144119107
4.9025000000000025,0.19269635234676324
4.915250000000003,0.19069081104625024
4.927999999999998,0.18892972436337557
4.94075,0.18744880681758008
4.953499999999999,0.1862654076985725
4.966250000000001,0.1853770135757558
4.979000000000004,0.18476206461560266
4.991749999999997,0.18438292895078506
5.004500000000005,0.1841906782758886
5.017249999999998,0.18413116395226747
5.03,0.1841518083472733
5.0427500000000025,0.18420849534499098
5.055499999999998,0.18427195812170183
5.0682500000000035,0.18433311309646408
5.080999999999998,0.1844068710320179
5.09375,0.18453406744553336
5.106500000000002,0.18478129455644626
5.1192499999999965,0.1852385840044923
5.132000000000002,0.18601507453879557
5.144749999999997,0.18723298258360735
5.1575,0.18902034968731127
5.170250000000002,0.1915031444296861
5.182999999999995,0.19479733229483293
5.195750000000003,0.19900149395954056
5.2084999999999955,0.204190481631883
5.221249999999999,0.2104104740168925
5.234000000000002,0.21767564632009806
5.246749999999999,0.2259665356075202
5.259500000000002,0.23523007315038863
5.272249999999994,0.245381184055184
5.2849999999999975,0.25630581705428457
5.297750000000001,0.2678652490452833
5.3104999999999976,0.2799014916334027
5.323250000000001,0.29224359703575226
5.336000000000005,0.30471461337000605
5.348749999999998,0.317138878445789
5.361500000000005,0.32934927804357833
5.374249999999997,0.34119404653571306
5.387,0.35254267454778854
5.399750000000004,0.3632905266100159
5.412499999999996,0.3733618665233884
5.425250000000004,0.38271112885458536
5.437999999999996,0.3913224376513712
5.45075,0.39920752845819873
5.4635000000000025,0.4064023500089557
5.476249999999995,0.41296268999405145
5.4890000000000025,0.41895918096880486
5.501749999999995,0.4244720076610856
5.514499999999999,0.4295855760893492
5.527250000000003,0.43438334301987064
5.539999999999998,0.4389429631595283
5.552750000000002,0.4433319015285507
5.565499999999995,0.44760367436923804
5.578249999999998,0.45179490585310667
5.591000000000002,0.45592339847509816
5.603749999999997,0.4599873966151064
5.616500000000001,0.4639661691554593
5.629250000000005,0.4678219510437568
5.641999999999998,0.4715031743077269
5.654750000000005,0.4749487993594775
5.667499999999997,0.47809344382239743
5.68025,0.480872917457394
5.693000000000004,0.4832297263352114
5.7057499999999965,0.4851181187956274
5.718500000000004,0.4865083092888002
5.731249999999997,0.4873896202595307
5.744,0.4877724049866216
5.756750000000004,0.48768873287920844
5.769499999999995,0.4871919150810488
5.782250000000003,0.4863550117807841
5.794999999999995,0.4852684906074097
5.8077499999999995,0.4840372022191141
5.820500000000004,0.48277681496581965
5.833249999999994,0.4816098195396214
5.846000000000003,0.48066119148586567
5.8587499999999935,0.4800537954401325
5.871499999999998,0.47990363474823644
5.884250000000003,0.48031509145381523
5.896999999999997,0.4813763560277788
5.909750000000002,0.48315530047428307
5.922500000000007,0.4856960869624668
5.935249999999997,0.4890168122453799
5.948000000000006,0.49310845587118407
5.960749999999996,0.49793532498667664
5.9735000000000005,0.5034370758104937
5.986250000000005,0.509532253492191
5.998999999999997,0.5161231438123886
6.011750000000004,0.5231015895517412
6.024499999999995,0.5303553093288966
6.037250000000001,0.5377741840521041
6.050000000000005,0.5452559591709449
6.062749999999997,0.5527108570563777
6.075500000000003,0.5600647023401112
6.088249999999996,0.5672603239456235
6.101,0.5742571926122969
6.113750000000002,0.5810294579014947
6.1264999999999965,0.5875627367643275
6.139250000000003,0.5938501495359778
6.151999999999993,0.59988817632453
6.164750000000001,0.6056729049918014
6.177500000000004,0.6111971621499598
6.190249999999997,0.6164488739518307
6.202999999999999,0.6214108163237141
6.215750000000008,0.6260617126180452
6.228499999999998,0.6303784497381208
6.241250000000001,0.6343390376853437
6.253999999999999,0.6379258508853115
6.266750000000001,0.6411286708797612
6.279500000000003,0.6439470960965421
6.29225,0.6463919831230607
6.305000000000004,0.6484857174350287
6.317749999999996,0.6502612605896569
6.330499999999997,0.6517600672892996
6.343250000000006,0.6530290937412809
6.355999999999997,0.6541172161153717
6.368750000000001,0.6550714365931276
6.381499999999998,0.6559332708413504
6.39425,0.6567356848554502
6.407000000000001,0.6575008844667185
6.419749999999998,0.658239164383441
6.432500000000004,0.6589489062217698
6.4452499999999935,0.6596176904868397
6.458000000000003,0.6602243712412683
6.470750000000004,0.6607418687275578
6.483499999999998,0.6611403752578532
6.496249999999999,0.6613906474597645
6.509000000000008,0.661467069994002
6.521749999999998,0.6613502130684221
6.5345,0.6610286583160639
6.547249999999999,0.6604999277943255
6.560000000000001,0.6597704165124215
6.572750000000004,0.6588543008648345
6.585500000000001,0.6577714749513951
6.598250000000005,0.6565446528303107
6.610999999999995,0.6551958621543049
6.623749999999997,0.6537426348680745
6.636500000000006,0.6521942636421735
6.649249999999996,0.6505485287826746
6.662000000000001,0.6487893014998127
6.674749999999999,0.6468853902814916
6.6875,0.6447909156597901
6.700250000000001,0.6424473769979924
6.712999999999999,0.6397874206307188
6.725750000000004,0.6367401458091523
6.738499999999994,0.6332376129435001
6.751250000000004,0.6292220688698258
6.764000000000005,0.6246532949684719
6.776749999999995,0.6195154293132616
6.7894999999999985,0.6138226208308043
6.802249999999997,0.6076229422357468
6.814999999999999,0.6010001128101156
6.827749999999999,0.5940727490756158
6.840500000000001,0.5869910540194778
6.853250000000002,0.5799310555605247
6.865999999999992,0.5730866957667636
6.878750000000002,0.5666602406733794
6.891500000000002,0.5608516168005292
6.904249999999996,0.5558473775772501
6.916999999999996,0.5518100543378922
6.9297500000000065,0.5488686453103772
6.942499999999996,0.5471109356621993
6.9552499999999995,0.546578219695458
6.968,0.5472628175514558
6.98075,0.5491085574541642
6.993500000000001,0.5520141530973478
7.006250000000001,0.5558391713424959
7.019000000000005,0.5604120846372265
7.031749999999994,0.5655397575930586
7.044500000000005,0.5710176425035449
7.057250000000004,0.5766399588735638
7.069999999999996,0.5822092007449946
7.082749999999997,0.5875444362390501
7.095499999999998,0.5924880140637088
7.108249999999999,0.5969104495014806
7.120999999999999,0.6007134094242946
7.133750000000003,0.6038308393101576
7.146500000000002,0.6062283677789203
7.159249999999992,0.6079011854353822
7.172000000000004,0.6088706320172398
7.184750000000003,0.6091797508531379
7.197499999999996,0.6088880928436552
7.210249999999995,0.6080660772190819
7.223000000000008,0.6067892387603915
7.235749999999997,0.6051327015052537
7.2485,0.6031662081967042
7.26125,0.6009499992234815
7.274,0.598531777491006
7.286750000000001,0.5959449233826246
7.299500000000002,0.5932080436255815
7.312250000000005,0.5903258543849625
7.324999999999994,0.5872913151727329
7.337750000000005,0.5840888476530944
7.350500000000006,0.5806983929850794
7.3632499999999945,0.5770999849306312
7.375999999999997,0.5732784492710944
7.38875,0.5692277938583251
7.4014999999999995,0.5649548414999657
7.414249999999999,0.5604816914449932
7.4270000000000005,0.5558466797296086
7.439750000000003,0.5511036411878839
7.452499999999992,0.5463194452790959
7.465250000000005,0.5415699643504104
7.478000000000003,0.5369348101834696
7.490749999999997,0.5324913153586542
7.503499999999995,0.5283083196995071
7.516250000000008,0.5244403404599183
7.528999999999997,0.5209226615379303
7.5417499999999995,0.5177677836543411
7.554500000000003,0.5149635499374712
7.5672500000000005,0.5124731160535649
7.58,0.5102367852445995
7.592750000000003,0.5081755871109278
7.6055000000000055,0.5061963513888458
7.618249999999994,0.5041979178923008
7.630999999999995,0.50207803391251
7.643750000000006,0.49974042498129134
7.656499999999995,0.4971014907940894
7.669249999999997,0.4940960833745427
7.682,0.4906818764236257
7.69475,0.4868419370079689
7.707499999999998,0.4825852610140574
7.720250000000001,0.47794522148753277
7.733000000000003,0.4729760848286534
7.745749999999992,0.467747948770521
7.758500000000006,0.46234062242101315
7.7712500000000055,0.4568370813467428
7.783999999999995,0.4513171766068735
7.796749999999995,0.4458522511710605
7.809500000000009,0.4405012229348093
7.822249999999998,0.4353085392001906
7.8349999999999955,0.4303042067253935
7.847750000000003,0.4255058723646077
7.860500000000001,0.42092269378998465
7.87325,0.41656052261766674
7.8860000000000054,0.4124277493579955
7.898750000000006,0.4085410547017785
7.911499999999995,0.40493029238999734
7.924249999999993,0.401641803581458
7.9370000000000065,0.398739627948178
7.949749999999995,0.3963043168731546
7.962499999999996,0.3944293414944156
7.975250000000002,0.39321538639085574
7.988,0.3927630879081392
8.000749999999998,0.3931649764913897
8.013500000000002,0.3944974862824084
8.026250000000003,0.39681388862446687
8.038999999999993,0.4001388921210452
8.051750000000007,0.40446545029353165
8.064500000000006,0.409754061475784
8.077249999999994,0.4159345733776504
8.089999999999995,0.4229102534539295
8.10275000000001,0.43056368366817505
8.115499999999999,0.43876390138647164
8.128249999999996,0.4473741439801076
8.141000000000004,0.4562595610067225
8.15375,0.465294323353117
8.16649999999999,0.4743676656164683
8.179250000000005,0.4833885266649689
8.192000000000005,0.49228858697260947
8.204749999999995,0.501023628150471
8.217499999999992,0.5095732535884199
8.230250000000007,0.5179391076036591
8.242999999999997,0.5261418150083204
8.255749999999997,0.5342169332982758
8.268500000000001,0.5422102610437587
8.28125,0.5501728704504413
8.293999999999999,0.55815622305188
8.306750000000005,0.5662076858555196
8.319500000000003,0.5743667006423285
8.332249999999993,0.5826617862223297
8.345000000000008,0.5911084851845679
8.357750000000005,0.5997083092333024
8.370499999999995,0.6084486897400581
8.383249999999995,0.6173038976022511
8.39600000000001,0.6262368526296584
8.40875,0.6352016925062156
8.421499999999996,0.644146913804724
8.434250000000004,0.6530188378168912
8.447000000000001,0.6617651040289442
8.45974999999999,0.670337869082111
8.472500000000005,0.6786964013090695
8.485250000000006,0.6868088147874374
8.497999999999994,0.6946527774601607
8.510749999999993,0.7022151433252671
8.523500000000007,0.7094905830829947
8.536249999999997,0.7164794038144147
8.548999999999996,0.7231848405915196
8.561750000000004,0.7296101595313769
8.5745,0.7357559256853693
8.587249999999997,0.7416177581378373
8.600000000000005,0.7471848220843279
8.612750000000004,0.7524392035637907
8.625499999999994,0.7573561936531724
8.63824999999999,0.7619053953720559
8.651000000000005,0.7660524766065187
8.663749999999995,0.7697613382493806
8.676499999999994,0.7729964523211813
8.689250000000001,0.7757251456804031
8.702,0.7779196507462521
8.714749999999997,0.7795588027529355
8.727500000000003,0.780629321163316
8.740250000000001,0.7811266606907664
8.752999999999991,0.7810554479610877
8.765750000000008,0.7804295312796214
8.778500000000005,0.7792716673209409
8.791249999999994,0.7776128589856482
8.803999999999991,0.7754913544670677
8.816750000000008,0.7729513277836554
8.829499999999998,0.7700412882520877
8.842249999999995,0.7668123050200087
8.855000000000004,0.7633161711131776
8.86775,0.7596036563234012
8.880499999999998,0.7557229998745794
8.893250000000007,0.7517187682560091
8.906000000000004,0.7476311528416458
8.918749999999994,0.7434957125479003
8.93150000000001,0.7393434895655576
8.944250000000006,0.7352013558344193
8.956999999999995,0.7310924013867162
8.969749999999992,0.7270361677621159
8.982500000000002,0.7230485672761547
8.99525,0.7191414072801727
9.007999999999996,0.715321542003505
9.020750000000005,0.7115897811360928
9.033500000000002,0.7079397720188402
9.046249999999992,0.7043571244121247
9.059000000000008,0.7008190541634509
9.071750000000005,0.6972947828402293
9.084499999999995,0.6937468486748256
9.097249999999992,0.6901333693119546
9.110000000000008,0.6864111630350543
9.122749999999998,0.682539500606455
9.135499999999995,0.678484144839441
9.148250000000004,0.6742212585535075
9.161,0.6697407376190292
9.173749999999998,0.6650485602393459
9.186500000000008,0.6601678333066773
9.199250000000005,0.6551383508720561
9.211999999999993,0.6500146425520524
9.22474999999999,0.6448626617720173
9.237500000000008,0.6397554235725037
9.250249999999996,0.6347680269450139
9.262999999999993,0.6299725673245055
9.275750000000002,0.6254334478584103
9.2885,0.6212035311673952
9.301249999999996,0.6173214467209844
9.314000000000005,0.6138102042904667
9.326750000000002,0.610677090800006
9.33949999999999,0.6079146776130989
9.35225000000001,0.6055026627867
9.365000000000006,0.6034102298003992
9.377749999999995,0.6015986173773253
9.39049999999999,0.6000236497717475
9.403250000000009,0.5986380545196516
9.415999999999999,0.5973934776274379
9.428749999999996,0.5962421805294111
9.441500000000005,0.5951384586768019
9.45425,0.5940398521627536
9.466999999999999,0.5929082224218886
9.479750000000008,0.5917107477504108
9.492500000000005,0.5904208499601785
9.505249999999993,0.5890190149823056
9.518000000000011,0.5874934252520639
9.530750000000008,0.5858402949435317
9.543499999999996,0.5840638000530965
9.556249999999993,0.5821755262880299
9.569000000000004,0.5801934131721889
9.58175,0.5781402408155238
9.594499999999995,0.5760417718246823
9.607250000000006,0.5739247122761734
9.620000000000003,0.5718146848472224
9.63274999999999,0.5697344110973467
9.64550000000001,0.5677022783117732
9.658250000000006,0.565731420931865
9.670999999999994,0.5638293821382273
9.683749999999991,0.561998347101247
9.69650000000001,0.5602358692663255
9.709249999999999,0.5585359580420093
9.721999999999994,0.5568903681838921
9.734750000000005,0.5552899280941679
9.7475,0.5537257607761986
9.76024999999999,0.5521902807793081
9.773000000000009,0.5506778884129662
9.785750000000005,0.5491853254999314
9.798499999999994,0.5477117009881006
9.811249999999989,0.5462582342197726
9.824000000000009,0.5448277926291974
9.836749999999997,0.5434243151532168
9.849499999999994,0.5420522121636198
9.862250000000005,0.5407158200433918
9.875,0.539418968213239
9.887749999999995,0.5381646926587018
9.900500000000006,0.5369551052282167
9.913250000000003,0.5357914034528756
9.925999999999991,0.5346739834411997
9.938750000000011,0.5336026022954613
9.951500000000006,0.5325765306984497
9.964249999999995,0.5315946431950778
9.976999999999991,0.5306554123727301
9.989750000000011,0.5297567998361321
10.0025,0.5288960661941958
10.015249999999993,0.5280695485973643
10.028000000000008,0.5272724725927578
10.040750000000001,0.5264988709216297
10.053499999999989,0.5257416722840099
10.066250000000009,0.5249929973167415
10.079000000000006,0.5242446603786435
10.091749999999994,0.5234888321451507
10.10449999999999,0.5227187801063288
10.11725000000001,0.5219295811008049
10.129999999999997,0.521118696352276
10.142749999999994,0.5202863139850654
10.155500000000005,0.5194353924876569
10.16825,0.5185713766990315
10.180999999999996,0.5177016021752738
10.193750000000007,0.5168344507348701
10.206500000000004,0.5159783642243113
10.219249999999992,0.5151408572241437
10.231999999999989,0.514327683497869
10.244750000000007,0.5135422981431833
10.257499999999995,0.5127857151456587
10.270249999999992,0.5120567929206705
10.283000000000005,0.5113529002778114
10.29575,0.51067083859589
10.308499999999993,0.5100078395352493
10.321250000000006,0.509362433588827
10.334000000000001,0.5087349982686877
10.34674999999999,0.5081278431287181
10.35950000000001,0.5075447630610921
10.372250000000005,0.5069900783215117
10.384999999999994,0.5064672655539945
10.39774999999999,0.5059773564174768
10.41050000000001,0.5055173301877086
10.423249999999998,0.5050787484067896
10.435999999999993,0.5046468708598296
10.448750000000008,0.5042004527238221
10.4615,0.5037123544608192
10.474249999999994,0.5031510035406574
10.487000000000009,0.5024826392583587
10.499750000000004,0.5016741623030169
10.512499999999992,0.5006963159288602
10.525250000000012,0.4995268617544802
10.538000000000007,0.4981533918746867
10.550749999999995,0.49657544361562844
10.56349999999999,0.49480564890037515
10.576250000000005,0.4928697459326489
10.589,0.49080539381934807
10.601749999999992,0.48865984863370093
10.614500000000007,0.486486671700538
10.627250000000002,0.4843417383290088
10.63999999999999,0.48227888953867476
10.65275000000001,0.4803456135679362
10.665500000000005,0.47857915357425984
10.678249999999995,0.4770034115159609
10.690999999999988,0.4756269572223546
10.70375000000001,0.4744423600927303
10.716499999999998,0.47342694551168335
10.729249999999993,0.47254494901069677
10.742000000000008,0.4717509112161862
10.75475,0.47099403929285516
10.767499999999995,0.47022316802564945
10.78025000000001,0.46939189463227415
10.793000000000005,0.4684634402822908
10.805749999999993,0.46741480845318817
10.818499999999988,0.4662398631400997
10.831250000000008,0.4649510342513819
10.843999999999996,0.4635794671841042
10.856749999999991,0.4621735599284228
10.869500000000006,0.46079596290865443
10.88225,0.45951924229349084
10.894999999999992,0.4584205169036079
10.907750000000007,0.4575754655745991
10.920500000000002,0.4570521614639312
10.93324999999999,0.45690521825257224
10.946000000000012,0.4571707266701453
10.958750000000006,0.45786241588490173
10.971499999999995,0.45896939250862556
10.984249999999989,0.4604556912215279
10.99700000000001,0.46226171908279134
11.009749999999999,0.46430750071017396
11.022499999999994,0.4664974531789886
11.035250000000008,0.4687262644820957
11.048,0.4708853450432647
11.060749999999995,0.4728692878927397
11.07350000000001,0.47458181628823565
11.086250000000005,0.47594080966021385
11.098999999999993,0.476882158827976
11.111750000000013,0.47736237934333986
11.124500000000008,0.4773600733389323
11.137249999999996,0.4768764445074835
11.149999999999991,0.47593511875268407
11.162750000000006,0.4745815023577395
11.1755,0.4728818333968146
11.188249999999993,0.4709219737102046
11.20100000000001,0.46880587516709626
11.213750000000003,0.4666535609628128
11.22649999999999,0.4645984106244454
11.239250000000013,0.46278353844680536
11.252000000000006,0.46135711269593777
11.264749999999994,0.46046657201554353
11.27749999999999,0.4602518431885225
11.290250000000011,0.4608378316237211
11.302999999999999,0.46232661960851296
11.31574999999999,0.46478994339592117
11.328500000000009,0.4682626065888524
11.34125,0.47273750691218763
11.353999999999989,0.4781628958170585
11.36675000000001,0.48444235269053665
11.379500000000005,0.49143774415567615
11.392249999999995,0.4989751711186756
11.404999999999989,0.5068536096806766
11.417750000000009,0.5148556626375312
11.430499999999997,0.5227595947013248
11.443249999999992,0.5303516622207388
11.456000000000005,0.5374376939245666
11.46875,0.5438529470411625
11.481499999999995,0.5494694503962135
11.494250000000008,0.5542003308772754
11.507000000000003,0.5580009616293327
11.519749999999991,0.5608671170771402
11.532500000000011,0.5628306184636168
11.545250000000005,0.5639531633753171
11.557999999999995,0.5643191332175193
11.570749999999991,0.564028164044299
11.583500000000011,0.56318816477537
11.59625,0.5619092988644696
11.608999999999991,0.5602992418362945
11.621750000000008,0.5584598188596946
11.634500000000001,0.5564849412596435
11.64724999999999,0.5544596200497623
11.66000000000001,0.5524597515618065
11.672750000000004,0.5505523488174097
11.685499999999994,0.5487959260931217
11.698249999999987,0.5472408181536906
11.711000000000007,0.5459293097202075
11.723749999999997,0.5448955445429292
11.73649999999999,0.544165261033364
11.749250000000007,0.543755453733209
11.761999999999999,0.5436740843634769
11.774749999999994,0.5439199645829191
11.78750000000001,0.5444829094884789
11.800250000000004,0.5453442234116396
11.812999999999994,0.5464775367758473
11.825749999999987,0.5478499736279602
11.838500000000003,0.5494236000400122
11.851249999999997,0.5511570860013874
11.86399999999999,0.5530075068245781
11.876750000000005,0.5549322122604795
11.8895,0.5568906995144431
11.902249999999993,0.5588464362596827
11.915000000000004,0.5607685869112429
11.92775,0.5626335957732558
11.940499999999993,0.5644265723391815
11.953250000000013,0.5661424081897012
11.966000000000006,0.567786535552925
11.978749999999993,0.5693752207274022
11.991499999999986,0.5709352789535169
12.004250000000006,0.5725031096398775
12.017,0.5741229893822613
12.029749999999995,0.5758446267435104
12.042500000000008,0.5777200704030842
12.05525,0.5798001561732784
12.067999999999994,0.5821307602225977
12.080750000000007,0.5847491791885436
12.093500000000002,0.5876809715464952
12.106249999999996,0.590937564439453
12.119000000000012,0.5945148597037724
12.131750000000006,0.5983929729844301
12.144499999999995,0.6025371266578706
12.157249999999989,0.6068996078178664
12.170000000000002,0.6114226107533973
12.182750000000002,0.6160417177349968
12.195499999999996,0.620689735871121
12.208250000000008,0.6253006006154375
12.221000000000002,0.62981307435727
12.233749999999992,0.634174004761503
12.24650000000001,0.6383409535515353
12.259250000000002,0.6422840539619532
12.271999999999998,0.6459869991371167
12.28474999999999,0.6494471043805662
12.297500000000008,0.6526744274303474
12.310249999999998,0.6556899777861048
12.322999999999992,0.6585231015866068
12.335750000000004,0.6612081926819485
12.348499999999994,0.6637809501128297
12.361249999999998,0.6662744699966444
12.374000000000011,0.6687155141966503
12.386750000000005,0.6711213241907598
12.399499999999994,0.6734973315388723
12.412249999999984,0.6758360471735712
12.425000000000002,0.6781172924426728
12.437750000000001,0.6803097811236463
12.450499999999993,0.682373899992792
12.463250000000006,0.6842653955125984
12.476,0.6859395796509562
12.488749999999992,0.6873556309533672
12.501500000000005,0.6884805866258346
12.514249999999997,0.689292685449614
12.526999999999996,0.6897838119012684
12.539750000000014,0.6899608910120593
12.552500000000007,0.689846177743656
12.565249999999994,0.6894764662667813
12.577999999999987,0.6889013107618417
12.590750000000005,0.6881804006811663
12.603500000000004,0.6873802715344947
12.616249999999996,0.6865705581557772
12.629000000000008,0.685820010212311
12.64175,0.6851924877062213
12.654499999999995,0.6847431373254805
12.667250000000005,0.6845149221647067
12.68,0.68453564438574
12.692749999999998,0.6848155712493742
12.705500000000017,0.6853457567446563
12.718250000000006,0.6860971463619234
12.730999999999996,0.687020557614621
12.74374999999999,0.6880476346391978
12.7565,0.6890928705787293
12.769250000000007,0.6900567667651789
12.781999999999998,0.690830146406303
12.79475000000001,0.6912995605674247
12.807500000000003,0.69135361998482
12.820249999999989,0.6908899690009626
12.833000000000007,0.6898225042783415
12.84575,0.6880883486385965
12.858500000000001,0.6856540341858002
12.871249999999995,0.6825203389604921
12.88400000000001,0.6787252635746361
12.896749999999999,0.6743447305715138
12.90949999999999,0.6694907368455428
12.922250000000004,0.66430687900729
12.934999999999993,0.658961386537863
12.947749999999996,0.6536380162689551
12.960500000000012,0.6485253617602104
12.973250000000005,0.6438052936301608
12.985999999999992,0.6396413580483163
12.998749999999985,0.6361680107807497
13.011500000000003,0.6334815463280024
13.024250000000004,0.6316334907751542
13.036999999999997,0.6306270612547749
13.049750000000007,0.6304170590040775
13.0625,0.6309132715249945
13.075249999999993,0.6319871390970476
13.088000000000003,0.6334811292529882
13.100749999999996,0.6352200023306795
13.113499999999997,0.6370229805710762
13.126250000000015,0.6387157772922273
13.139000000000008,0.640141505832728
13.151749999999995,0.641169654734814
13.164499999999988,0.6417025570520029
13.177250000000004,0.6416790626556038
13.190000000000007,0.6410754071250225
13.20275,0.6399035259806775
13.21550000000001,0.6382072605875824
13.228250000000001,0.6360570218352489
13.24099999999999,0.6335435107535581
13.253750000000005,0.6307710471471591
13.266499999999999,0.6278509490090239
13.279250000000001,0.6248952692529893
13.291999999999993,0.6220110676680926
13.304750000000011,0.6192953035524139
13.317499999999997,0.6168303925866677
13.33024999999999,0.6146804784857243
13.342999999999998,0.6128885113684602
13.355749999999993,0.6114742787886449
13.368500000000003,0.6104335780124029
13.38125000000001,0.6097387276555565
13.394000000000004,0.6093405773871853
13.40674999999999,0.609172079567602
13.419499999999983,0.6091533414982724
13.43225,0.6091978978674933
13.445000000000002,0.6092197552666165
13.457749999999995,0.6091405952051769
13.470500000000005,0.6088964119301233
13.48325,0.6084428369263164
13.495999999999992,0.607758483970548
13.50875,0.6068458409151759
13.521499999999993,0.6057295194316052
13.53425,0.6044520127103619
13.547000000000013,0.6030674487416924
13.559750000000006,0.6016341042665893
13.572499999999993,0.6002066137161756
13.585249999999986,0.5988288437010701
13.598000000000003,0.5975283090817538
13.610750000000007,0.5963128049174707
13.6235,0.5951696547320164
13.636250000000008,0.5940676673121552
13.649,0.5929615867190613
13.661749999999994,0.5917985435678185
13.674500000000002,0.5905257950083727
13.687249999999995,0.5890988961944038
13.7,0.5874893919911752
13.712750000000016,0.5856911629468767
13.72550000000001,0.5837247048270159
13.738249999999995,0.5816388545368391
13.750999999999989,0.579509768298257
13.763749999999996,0.5774372659583532
13.77650000000001,0.5755389284600329
13.789250000000001,0.5739425339908152
13.802000000000008,0.5727775227920947
13.814750000000002,0.5721661931192851
13.827499999999992,0.5722152695668327
13.840250000000005,0.5730083770684645
13.852999999999994,0.5745998278606336
13.865750000000006,0.5770100072668115
13.878499999999995,0.5802225399513294
13.891250000000008,0.5841833336951944
13.903999999999998,0.5888015278382053
13.916749999999992,0.5939523103917478
13.929499999999999,0.5994815047030639
13.94224999999999,0.6052117601803488
13.955000000000004,0.6109501120909381
13.967750000000011,0.6164966053720756
13.980500000000005,0.6216536115418082
13.99324999999999,0.6262354130019009
14.005999999999984,0.6300775922717231
14.018749999999997,0.6330457494185102
14.031500000000005,0.6350430800947356
14.044249999999998,0.6360163779509118
14.057000000000006,0.6359600772130174
14.06975,0.6349180229550347
14.082499999999992,0.6329827480755029
14.09525,0.6302921480418295
14.107999999999993,0.6270235774979964
14.120750000000001,0.6233855446610025
14.133500000000014,0.61960734370647
14.146250000000007,0.6159271311885556
14.158999999999994,0.6125791048936329
14.171749999999987,0.6097805640788828
14.1845,0.6077196996158934
14.197250000000007,0.6065449651524544
14.21,0.6063568075027904
14.222750000000008,0.6072023874182645
14.2355,0.60907371138211
14.248249999999995,0.6119093387772863
14.261000000000003,0.6155995488601516
14.273749999999993,0.6199945735540202
14.286500000000004,0.6249152521046246
14.299250000000017,0.6301652689139939
14.31200000000001,0.6355440192683484
14.324749999999996,0.64085912308606
14.337499999999988,0.6459376751051354
14.350249999999996,0.6506354686625481
14.36300000000001,0.6548436374616196
14.375750000000004,0.658492399664515
14.388500000000011,0.6615518363071922
14.401250000000003,0.6640298701654314
14.413999999999989,0.6659678154445876
14.426750000000006,0.6674340311179042
14.439499999999995,0.6685163224808214
14.452250000000006,0.6693137894736492
14.464999999999996,0.6699288118704566
14.477750000000013,0.6704597903416422
14.490499999999999,0.6709951354994301
14.50324999999999,0.6716088294753774
14.515999999999998,0.6723576984329322
14.528749999999988,0.6732803543295304
14.5415,0.674397611716567
14.554250000000014,0.6757140746048003
14.567000000000005,0.677220525657822
14.579749999999992,0.678896735475148
14.592499999999983,0.680714339634109
14.605249999999998,0.6826394974234951
14.61800000000001,0.684635135935243
14.630750000000003,0.686662680038961
14.643500000000007,0.6886832569190436
14.65625,0.6906584325326821
14.668999999999993,0.692550583230748
14.681749999999997,0.6943230319461864
14.69449999999999,0.6959400905234702
14.707250000000004,0.6973671520005574
14.720000000000017,0.6985709685424358
14.732750000000008,0.6995202274631659
14.745499999999995,0.700186493595826
14.758249999999986,0.7005455197136703
14.770999999999999,0.700578844537326
14.783750000000012,0.7002755148879717
14.796500000000002,0.6996337031672755
14.80925000000001,0.698661959437642
14.822000000000001,0.6973798477986285
14.834749999999987,0.695817769984104
14.8475,0.6940158679581259
14.860249999999994,0.6920220081725612
14.873000000000006,0.6898889649279218
14.885749999999998,0.687671019862044
14.898500000000011,0.6854202640275293
14.911249999999997,0.6831829216774757
14.923999999999989,0.6809960130147138
14.936749999999996,0.6788846443560494
14.94949999999999,0.6768601661254853
14.962250000000004,0.6749193764624387
14.975000000000012,0.6730448732783562
14.987750000000004,0.6712065731291124
15.00049999999999,0.6693643263751032
15.013249999999983,0.6674714710859406
15.025999999999994,0.6654790886324566
15.038750000000006,0.6633406568132487
15.051499999999999,0.6610167475765645
15.064250000000008,0.658479393060268
15.077,0.6557157515270603
15.089749999999992,0.6527307452488725
15.102499999999997,0.6495484126977111
15.115249999999987,0.6462118127640345
15.128000000000002,0.6427814332073329
15.140750000000015,0.639332180370516
15.153500000000006,0.6359491495661732
15.166249999999993,0.6327224806028939
15.178999999999984,0.6297416779061522
15.191749999999999,0.6270898125043719
15.20450000000001,0.6248380234717433
15.217250000000002,0.6230407042750963
15.230000000000011,0.621731702299662
15.24275,0.6209217847157767
15.25549999999999,0.6205975363466546
15.26825,0.6207217594149959
15.280999999999992,0.6212353439848647
15.293750000000003,0.6220604742569638
15.306500000000018,0.6231049341338035
15.319250000000007,0.6242671846509863
15.331999999999997,0.6254418197479487
15.344749999999987,0.6265249799180777
15.357499999999996,0.6274193241501109
15.370250000000013,0.6280382273107227
15.383000000000001,0.6283089702785776
15.39575000000001,0.6281748047456059
15.4085,0.627595883789177
15.42124999999999,0.6265491377496678
15.434000000000005,0.6250272351068177
15.446749999999996,0.6230368006164706
15.459500000000004,0.6205960754501267
15.472249999999995,0.6177322084192699
15.48500000000001,0.6144783751873579
15.49775,0.6108709381480697
15.51049999999999,0.6069468767309464
15.523249999999997,0.602741721598362
15.535999999999989,0.598288201456954
15.548750000000005,0.5936157490463213
15.561500000000013,0.5887509134104411
15.574250000000003,0.5837185987420194
15.586999999999993,0.578543914822167
15.599749999999982,0.5732543056418623
15.612499999999997,0.5678815483588431
15.625250000000005,0.5624632065057052
15.638,0.5570431883093802
15.650750000000007,0.5516711938411463
15.663500000000003,0.54640100841417
15.67624999999999,0.5412877818392444
15.688999999999998,0.5363845930228818
15.701749999999993,0.5317387125544479
15.714500000000001,0.5273880259787085
15.727250000000014,0.5233580601297758
15.740000000000006,0.5196599681378895
15.752749999999995,0.5162896917351253
15.765499999999987,0.5132283581850355
15.778250000000002,0.5104438125792938
15.791000000000007,0.5078930595487118
15.80375,0.5055253088539912
15.816500000000007,0.5032852945264485
15.829249999999998,0.5011165642040036
15.841999999999993,0.4989645001895525
15.854750000000003,0.4967789147318407
15.867499999999998,0.49451613598894895
15.880250000000002,0.49214055255238043
15.893000000000017,0.4896256120709685
15.905750000000008,0.4869542853282826
15.918499999999998,0.4841190259289238
15.93124999999999,0.4811212838625387
15.943999999999999,0.4779706631922552
15.956750000000008,0.47468383833122524
15.9695,0.47128334969600666
15.98225000000001,0.4677963838090292
15.995000000000001,0.4642536078355963
16.00774999999999,0.46068808238422165
16.02049999999998,0.4571342315313414
16.03325,0.4536268201427759
16.046000000000003,0.45019988868768634
16.058749999999996,0.4468856293306502
16.07150000000001,0.44371324496942127
16.08425,0.4407078946182132
16.09699999999999,0.4378898709079345
16.10975,0.43527416090755405
16.12249999999999,0.43287050244085157
16.135249999999996,0.43068396809526155
16.14800000000001,0.4287160025817014
16.160750000000004,0.4269657309167892
16.173499999999994,0.4254312774310516
16.186249999999987,0.4241108190544207
16.199,0.4230031544492593
16.211750000000006,0.4221076912893358
16.224499999999995,0.42142390266581
16.237250000000007,0.42095043645617486
16.25,0.4206841409127227
16.262749999999993,0.4206192751997357
16.275500000000005,0.42074710613861765
16.288249999999998,0.42105597282704976
16.300999999999995,0.4215317637732947
16.313750000000013,0.42215863672601345
16.326500000000006,0.42291975369122703
16.339249999999996,0.423797819289016
16.35199999999999,0.4247752919073741
16.364750000000008,0.42583425553576804
16.377500000000005,0.42695605782655355
16.390249999999998,0.4281209023964309
16.403000000000006,0.42930760872588636
16.41575,0.4304937157219491
16.42849999999999,0.43165601573307233
16.441250000000007,0.43277148909849605
16.454,0.4338184990178723
16.466749999999998,0.4347780361185441
16.479500000000016,0.43563479145834494
16.49225000000001,0.4363778839561911
16.505,0.4370011533798803
16.517749999999992,0.4375030261131858
16.5305,0.4378860435334269
16.543249999999997,0.4381561937745498
16.556,0.43832219612934203
16.56875000000001,0.43839485220744173
16.581500000000002,0.4383865111670799
16.59424999999999,0.43831062310775687
16.606999999999985,0.4381813054077091
16.619750000000003,0.43801284235170357
16.632499999999997,0.4378190796013542
16.64524999999999,0.4376127436347567
16.658000000000012,0.43740478469739535
16.67075,0.4372038832908326
16.68349999999999,0.4370162554624643
16.696250000000006,0.43684583441320624
16.709,0.43669480553372814
16.721749999999993,0.43656435763820944
16.73450000000001,0.43645542594206604
16.747250000000005,0.436369180241398
16.759999999999994,0.4363070710814071
16.772749999999988,0.43627037252575496
16.785500000000006,0.43625931320505695
16.79825,0.43627202098334655
16.810999999999993,0.4363035821042134
16.823750000000008,0.4363455107103263
16.8365,0.43638583673101894
16.849249999999994,0.43640986816500255
16.86200000000001,0.4364015068872238
16.874750000000002,0.4363448475855204
16.887499999999996,0.43622571652405046
16.900250000000014,0.4360328362641047
16.913000000000007,0.43575842460609976
16.925749999999997,0.43539821083699753
16.93849999999999,0.43495102630050037
16.95125000000001,0.434418249846827
16.964000000000002,0.43380342869159233
16.976749999999996,0.4331123410046326
16.989500000000007,0.4323536315526647
17.00225,0.43153997131920874
17.01499999999999,0.4306895170059772
17.02775000000001,0.42982732862708256
17.040500000000005,0.42898637678747764
17.053249999999995,0.42820783816096003
17.06599999999999,0.4275405116105997
17.07875000000001,0.4270393464366996
17.0915,0.42676321569609943
17.104249999999993,0.42677215813588965
17.117000000000008,0.4271243350644558
17.12975,0.4278729077402
17.142499999999988,0.42906296376436015
17.15525000000001,0.4307285512713313
17.168000000000003,0.4328898599723164
17.180749999999993,0.4355506368420438
17.193499999999986,0.4386960241769853
17.206250000000008,0.44229111471022614
17.218999999999998,0.44628058255477804
17.23174999999999,0.45058973274811726
17.244500000000006,0.4551272003261015
17.25725,0.45978932968158914
17.269999999999992,0.46446600669487287
17.282750000000007,0.4690474508426266
17.2955,0.473431266592282
17.30824999999999,0.47752896230180086
17.321000000000012,0.4812712009973998
17.333750000000006,0.48461123836557035
17.346499999999995,0.4875262807199418
17.35924999999999,0.4900167958783681
17.37200000000001,0.49210407299813375
17.38475,0.4938265086168755
17.397499999999994,0.49523517087653446
17.410250000000005,0.4963891615506763
17.423,0.49735118164952513
17.435749999999988,0.49818355871625586
17.44850000000001,0.49894486591541887
17.461250000000003,0.4996871899966769
17.473999999999993,0.5004540893697738
17.48675000000001,0.501279299119437
17.49950000000001,0.5021862517328629
17.512249999999998,0.5031884625616884
17.52499999999999,0.5042907640097087
17.537750000000003,0.505491264665914
17.5505,0.5067837782644403
17.563249999999996,0.5081603478240472
17.576000000000008,0.5096134278864264
17.58875,0.5111373207752472
17.60149999999999,0.5127286008179616
17.614249999999988,0.5143854740797517
17.627000000000006,0.5161062534722485
17.639749999999996,0.5178873199098486
17.65249999999999,0.5197210451469909
17.66525000000001,0.5215941498579112
17.678,0.523486863747947
17.690749999999994,0.5253730680381372
17.703500000000005,0.5272213803206076
17.71625,0.5289969463090058
17.72899999999999,0.5306635867684291
17.74175000000001,0.5321859389068244
17.754500000000004,0.5335313191597602
17.767249999999994,0.5346711766366238
17.77999999999999,0.5355821505356994
17.79275000000001,0.5362468456754337
17.8055,0.5366544713625843
17.818249999999992,0.5368014451784019
17.831000000000003,0.5366919618796697
17.84375,0.5363384051735305
17.856499999999997,0.5357613849352149
17.869250000000005,0.5349891577000857
17.882,0.534056252343479
17.89474999999999,0.5330012598183959
17.90750000000001,0.5318639140198096
17.920250000000006,0.5306817426867068
17.932999999999996,0.529486666314632
17.945749999999993,0.528301951469565
17.95850000000001,0.5271398825460514
17.97125,0.5260004164030634
17.983999999999998,0.5248709507542915
17.996750000000002,0.5237271989054858
18.0095,0.5225350485725965
18.02224999999999,0.5212532085623219
18.035000000000007,0.5198364148658888
18.047750000000004,0.5182389640670672
18.060499999999994,0.5164183487136191
18.07325000000001,0.514338771904049
18.08600000000001,0.5119743109048953
18.09875,0.5093114864108982
18.111499999999996,0.5063509883023078
18.124250000000004,0.5031083287734226
18.137,0.49961325653473726
18.149749999999997,0.4959078788404971
18.162500000000005,0.492043592184253
18.175250000000002,0.4880770914336273
18.18799999999999,0.4840658756995997
18.200749999999992,0.48006376466289213
18.213500000000007,0.4761169597949095
18.226249999999997,0.47226112374570417
18.238999999999994,0.4685198155824391
18.25175000000001,0.4649044302710453
18.2645,0.4614155788610146
18.27725,0.45804564763938743
18.290000000000003,0.4547821245987462
18.30275,0.45161120455523246
18.315499999999993,0.44852118897007254
18.328250000000008,0.44550527466733497
18.341000000000005,0.44256345484966925
18.353749999999998,0.43970340541900477
18.36649999999999,0.4369403681421129
18.379250000000006,0.43429614580072806
18.392,0.43179738353656616
18.404749999999996,0.42947333156168543
18.417500000000004,0.4273532849889853
18.43025,0.4254638957939003
18.442999999999998,0.423826559433552
18.455750000000005,0.4224550896511317
18.468500000000002,0.4213538946728304
18.481249999999996,0.4205168412144958
18.494000000000007,0.4199269320111292
18.506750000000004,0.41955683114714787
18.519499999999997,0.4193701621168177
18.532249999999994,0.4193233964194261
18.54500000000001,0.4193680703978802
18.55775,0.4194530395370919
18.570499999999996,0.41952651748186015
18.583250000000003,0.4195377463459664
18.596,0.4194382773281541
18.608749999999993,0.4191829649829749
18.621500000000008,0.41873085614709254
18.634250000000005,0.4180461616119386
18.646999999999995,0.41709943080424383
18.659749999999992,0.4158689221975059
18.672500000000007,0.414342007339516
18.68525,0.412516308886341
18.697999999999997,0.4104002000962836
18.710750000000004,0.40801231957120526
18.7235,0.40537988770838457
18.73624999999999,0.40253582438346364
18.749000000000006,0.3995149104953312
18.761750000000003,0.39634945096150154
18.774499999999996,0.39306503283227456
18.787249999999997,0.3896769968786987
18.800000000000004,0.38618814666913204
18.812749999999998,0.38258802583618134
18.825499999999998,0.3788538472165596
18.83825,0.3749529168036195
18.851,0.37084621625277175
18.86375,0.36649271937129674
18.8765,0.3618540147677377
18.88925,0.3568988568429722
18.901999999999994,0.35160733225978624
18.914750000000005,0.34597438066973624
18.927500000000002,0.3400124365229714
18.940249999999995,0.3337529710362442
18.952999999999996,0.3272467304445613
18.965750000000007,0.32056251376945377
18.9785,0.3137844309943466
18.99125,0.3070077361689922
19.004,0.30033352158840065
19.01675,0.2938627477721119
19.02949999999999,0.2876902181333707
19.042250000000003,0.28189914474969696
19.055000000000003,0.27655687536224133
19.067749999999997,0.27171217499437983
19.0805,0.2673942164700351
19.093250000000005,0.26361318273559897
19.105999999999998,0.26036216950517743
19.11875,0.25761993837623437
19.1315,0.2553540297187326
19.14425,0.2535237998591095
19.157,0.2520830744358713
19.16975,0.25098227162335623
19.1825,0.2501700056453587
19.195249999999994,0.24959429986431386
19.208000000000002,0.24920359822702576
19.220750000000002,0.24894775628972876
19.233499999999996,0.24877912652556422
19.24625,0.2486537514763886
19.259000000000007,0.24853257903280793
19.27175,0.2483825535288423
19.284500000000005,0.2481774352574075
19.297249999999995,0.24789825452856618
19.31,0.24753338855222665
19.322749999999992,0.24707832764702356
19.3355,0.24653524521771306
19.348250000000004,0.24591248957597264
19.360999999999997,0.2452240746410591
19.37375,0.24448917397618158
19.386500000000005,0.24373154388963947
19.39925,0.2429787492928259
19.412000000000003,0.24226106942880285
19.424749999999996,0.2416100287589896
19.4375,0.2410566125614152
19.450250000000004,0.24062934749936896
19.462999999999997,0.24035251171973024
19.47575,0.24024475704071876
19.488499999999995,0.24031836774200344
19.50125,0.24057925662757398
19.514000000000003,0.24102763696275373
19.526749999999996,0.24165915034143504
19.5395,0.24246612461578274
19.552250000000004,0.24343862381657358
19.565,0.24456504631782183
19.577750000000005,0.2458322021605457
19.590499999999995,0.2472249998653609
19.60325,0.24872603552678874
19.615999999999996,0.25031545552483553
19.62875,0.25197143656844895
19.641500000000004,0.2536714970566865
19.654249999999998,0.2553946508545185
19.667,0.25712418964898587
19.679750000000002,0.2588506977695612
19.6925,0.2605748217136843
19.705250000000003,0.262309360564044
19.717999999999996,0.26408039162958963
19.73075,0.26592734229093806
19.743500000000004,0.26790210091877664
19.756249999999998,0.2700673774460932
19.769000000000002,0.27249455073565704
19.781749999999995,0.27526117280617013
19.7945,0.2784481638948428
19.807250000000003,0.28213658101932826
19.819999999999997,0.2864037504671966
19.83275,0.29131858834829544
19.845500000000005,0.29693611482307
19.85825,0.3032914545424046
19.871000000000002,0.31039391856150234
19.883749999999996,0.31822198309585775
19.8965,0.32672004343992594
19.909249999999997,0.3357976919383617
19.922,0.3453319556898856
19.934750000000005,0.3551724866002925
19.9475,0.36514922029078034
19.96025,0.3750816345510076
19.973,0.38478855343987706
19.98575,0.39409750906679875
19.998500000000003,0.402852951614872
20.01125,0.41092298358926144
20.024,0.41820466041044424
20.03675,0.42462814197858695
20.0495,0.43016003884283316
20.062250000000002,0.4348061646496482
20.075,0.43861363000570797
20.08775,0.4416718888251408
20.1005,0.4441121071336808
20.113249999999997,0.4461041864272999
20.126,0.44785099059366956
20.13875,0.4495797484696156
20.1515,0.45153110785644446
20.16425,0.4539467559956171
20.176999999999996,0.45705677998628536
20.18975,0.4610679548590259
20.2025,0.4661539132577472
20.21525,0.472447727443602
20.228000000000005,0.48003693970990025
20.240749999999995,0.4889606673935703
20.2535,0.4992082247864583
20.266249999999996,0.5107188056034913
20.279,0.5233820987024248
20.291750000000004,0.5370401194162736
20.3045,0.5514908581173934
20.31725,0.5664944397609718
20.330000000000002,0.5817822825827658
20.34275,0.5970692503924697
20.355500000000003,0.6120681071093729
20.36825,0.6265048827147957
20.381,0.6401332743121524
20.39375,0.6527461349267185
20.406499999999998,0.6641825241470299
20.41925,0.6743296161753947
20.432,0.683119757820507
20.44475,0.6905238772601138
20.4575,0.6965430424607353
20.470249999999997,0.701200121820265
20.483,0.7045331809302782
20.49575,0.706591543990184
20.5085,0.7074345499948325
20.52125,0.7071322070137507
20.534,0.7057664451293395
20.54675,0.7034316267671775
20.5595,0.7002333573899412
20.57225,0.6962852761383631
20.585,0.6917041709188497
20.59775,0.6866042603892158
20.6105,0.6810916908999456
20.62325,0.6752601691091055
20.636,0.6691882409721724
20.64875,0.6629381743633054
20.6615,0.6565559063389859
20.67425,0.6500712693812939
20.687,0.6434978085969627
20.69975,0.6368318933170124
20.7125,0.630051348285298
20.72525,0.6231142860620118
20.738,0.6159590569915222
20.75075,0.608506164789539
20.7635,0.6006626283086031
20.77625,0.5923286885840855
20.789,0.5834061152909352
20.80175,0.5738068389584909
20.8145,0.5634603796864158
20.82725,0.552318630644319
20.84,0.540356948574257
20.85275,0.5275710886081362
20.8655,0.5139701606273741
20.87825,0.49956636730447646
20.891,0.48436274002406676
20.90375,0.4683403878689505
20.9165,0.45144691637510254
20.92925,0.4335876747875351
20.942,0.4146213761556846
20.95475,0.39436141548753073
20.9675,0.3725838742606888
20.98025,0.34904271035215667
20.993,0.3234919600927661
21.00575,0.2957139298625213
21.0185,0.26555139347058054
21.03125,0.23294086413062895
21.044,0.19794324536939237
21.05675,0.16076776497865658
21.0695,0.12178521331298832
21.08225,0.08152722772449111
21.095,0.04066967869042326
21.10775,0.0
